CLUSTER ANALYSIS RESULTS: Negative

Generated on: Sat Aug 16 10:17:33 BST 2025

#    Volume(mm³)      x      y      z     Mean      Max Max Intensity
-----------------------------------------------------------------
Early :
1    11070         -34.5   64.5   61.5   0.0155   0.0344
2    2538           -7.5   91.5   13.5  -0.0162  -0.0300
Middle :
1    8991           19.5   73.5  -13.5  -0.0150  -0.0368
2    1917          -16.5   94.5   31.5  -0.0183  -0.0363
Late :
1    23085          55.5   22.5   10.5  -0.0082  -0.0409
2    19953          -4.5  103.5    7.5   0.0097   0.0546
3    17631           4.5   43.5    7.5  -0.0071  -0.0208
4    8964          -70.5   22.5    1.5  -0.0075  -0.0169

Peak coordinates are in MNI152 space using ETAC multi-thresholding

All :
1    46926          55.5   22.5   10.5  -0.0040  -0.0218
2    19683          -4.5  103.5    7.5   0.0050   0.0291
3    11070         -34.5   64.5   61.5   0.0041   0.0092
4    8964          -70.5   22.5    1.5  -0.0040  -0.0090
5    3510          -10.5  100.5   19.5  -0.0049  -0.0128
6    1566           19.5   73.5  -13.5  -0.0033  -0.0074
