CLUSTER ANALYSIS RESULTS: Past

Generated on: Sat Aug 16 10:17:34 BST 2025

#    Volume(mm³)      x      y      z     Mean      Max Max Intensity
-----------------------------------------------------------------
Early :
1    3321           67.5   10.5    7.5  -0.0143  -0.0295
2    2673          -70.5   10.5   10.5  -0.0178  -0.0428
3    2214           25.5  -31.5   46.5   0.0110   0.0151
4    1647            1.5  -67.5    7.5   0.0168   0.0334
Middle :
1    35802          70.5   31.5    1.5   0.0156   0.0647
2    21654         -28.5   67.5   64.5   0.0103   0.0445
3    20790         -70.5   16.5   13.5   0.0140   0.0487
4    7614          -37.5  -52.5   31.5   0.0086   0.0205
5    5670          -55.5   70.5    4.5  -0.0152  -0.0415
6    3942          -46.5  -19.5   52.5   0.0105   0.0229
7    3186           25.5   94.5   25.5   0.0099   0.0211
Late :
1    47547         -22.5   97.5  -16.5   0.0069   0.0246
2    16281         -70.5    7.5    7.5  -0.0061  -0.0166
3    9207           61.5  -10.5   -1.5  -0.0057  -0.0165
4    8829          -46.5   67.5    1.5  -0.0087  -0.0271
5    7506           70.5   43.5    4.5   0.0058   0.0156
6    2592            1.5   73.5   -4.5  -0.0056  -0.0120
7    1431           46.5   73.5    4.5  -0.0071  -0.0135

Peak coordinates are in MNI152 space using ETAC multi-thresholding

All :
1    105030         70.5   28.5    1.5   0.0035   0.0186
2    15579         -70.5   16.5   13.5   0.0031   0.0122
3    13446         -67.5    7.5    7.5  -0.0028  -0.0169
4    10638         -46.5   67.5    1.5  -0.0057  -0.0207
5    7614          -37.5  -52.5   31.5   0.0022   0.0051
6    3942          -46.5  -19.5   52.5   0.0026   0.0057
7    3483           67.5   10.5    4.5  -0.0034  -0.0119
8    3375           37.5   37.5   16.5  -0.0022  -0.0045
9    2592            1.5   73.5   -4.5  -0.0028  -0.0060
10   2214           25.5  -31.5   46.5   0.0028   0.0038
11   1971           46.5   73.5    4.5  -0.0036  -0.0067
12   1647            1.5  -67.5    7.5   0.0042   0.0083
