CLUSTER ANALYSIS RESULTS: Perception

Generated on: Sat Aug 16 10:17:36 BST 2025

Early:

No significant clusters found.

Middle :
1    39096          52.5   79.5    4.5  -0.0113  -0.0599
2    12339         -16.5   52.5    4.5   0.0114   0.0208
3    8802          -67.5   -1.5    1.5  -0.0093  -0.0248
Late :
1    42579          -1.5   76.5   40.5  -0.0063  -0.0275
2    6831           70.5   31.5   34.5   0.0060   0.0144
3    1944          -64.5   -1.5    1.5  -0.0052  -0.0087
4    1134           70.5   16.5    1.5  -0.0070  -0.0136

Peak coordinates are in MNI152 space using ETAC multi-thresholding

All :
1    76383         -28.5   94.5   25.5  -0.0032  -0.0188
2    10017         -58.5   10.5   -7.5  -0.0027  -0.0067
3    8991          -16.5   52.5    4.5   0.0027   0.0056
4    5130           70.5   31.5   34.5   0.0033   0.0077
5    1512           67.5   52.5    7.5   0.0025   0.0058
6    1134           70.5   16.5    1.5  -0.0037  -0.0073
