CLUSTER ANALYSIS RESULTS: Present

Generated on: Sat Aug 16 10:17:35 BST 2025

#    Volume(mm³)      x      y      z     Mean      Max Max Intensity
-----------------------------------------------------------------
Early :
1    14337           1.5   79.5   52.5   0.0106   0.0369
2    3267          -52.5   67.5  -19.5   0.0160   0.0705
3    1728           40.5   -7.5   28.5  -0.0132  -0.0178
Middle :
1    27540          -1.5   76.5   37.5   0.0172   0.0560
2    9855           70.5   19.5   10.5  -0.0207  -0.0765
3    2808          -49.5   76.5  -16.5  -0.0177  -0.0691
Late :
1    61641          -1.5   58.5   55.5   0.0077   0.0395
2    23490          67.5    7.5    4.5  -0.0078  -0.0284
3    8127          -46.5   82.5  -16.5  -0.0055  -0.0230
4    7047          -73.5   22.5   -1.5  -0.0068  -0.0168

Peak coordinates are in MNI152 space using ETAC multi-thresholding

All :
1    81729          -1.5   76.5   37.5   0.0048   0.0354
2    27432          70.5   19.5   10.5  -0.0051  -0.0238
3    9072          -49.5   76.5  -16.5  -0.0034  -0.0138
4    7479          -70.5   13.5    7.5  -0.0039  -0.0133
5    3078          -52.5   67.5  -19.5   0.0038   0.0188
6    1728           40.5   -7.5   28.5  -0.0035  -0.0047
